Date,Assets,Cash & Near Cash Items,Short-Term Investments,Accounts & Notes Receivable,Inventories,Other Current Assets,Total Current Assets,LT Investments & LT Receivables,Net Fixed Assets,Gross Fixed Assets,Accumulated Depreciation,Other Long-Term Assets,Total Long-Term Assets,Total Assets,Liabilities & Shareholders' Equity,Accounts Payable,Short-Term Borrowings,Other Short-Term Liabilities,Total Current Liabilities,Long-Term Borrowings,Other Long-Term Liabilities,Total Long-Term Liabilities,Total Liabilities,Total Preferred Equity,Minority Interest,Share Capital & APIC,Retained Earnings & Other Equity,Total Equity,Total Liabilities & Equity,Source: Bloomberg
12/31/1995,,448,0.0,5354,3222,1655,10679,0.0,4338,11037.0,-6699.0,4705,9043,19722,,1229,3891,5943,11063,123,7102,7225,18288,0.0,0.0,1406,28,1434,19722,
03/31/1996,,174,0.0,4789,3957,1763,10683,0.0,4516,11127.0,-6611.0,4748,9264,19947,,1671,3914,7388,12973,132,7405,7537,20510,0.0,0.0,-522,-41,-563,19947,
06/30/1996,,2151,0.0,4707,3964,1699,12521,0.0,4563,11104.0,-6541.0,4848,9411,21932,,1473,2450,6268,10191,1594,7736,9330,19521,0.0,0.0,2444,-33,2411,21932,
09/30/1996,,2241,0.0,4914,3793,1833,12781,0.0,4687,11020.0,-6333.0,5158,9845,22626,,1900,2363,6450,10713,1634,7593,9227,19940,0.0,0.0,2601,85,2686,22626,
12/31/1996,,3177,0.0,5885,2952,1956,13970,0.0,4687,11014.0,-6327.0,5392,10079,24049,,1577,2336,7187,11100,1651,7780,9431,20531,0.0,0.0,2628,890,3518,24049,
03/31/1997,,2013,0.0,4785,3363,2109,12270,0.0,4760,11069.0,-6309.0,5456,10216,22486,,1278,2274,5793,9345,1678,7875,9553,18898,0.0,0.0,2704,884,3588,22486,
06/30/1997,,1467,0.0,5011,3833,2051,12362,0.0,4885,11303.0,-6418.0,5626,10511,22873,,1387,1758,6120,9265,1682,8083,9765,19030,0.0,0.0,2802,1041,3843,22873,
09/30/1997,,1350,0.0,5373,3972,1806,12501,0.0,5147,11554.0,-6407.0,6163,11310,23811,,1931,2538,6269,10738,1665,8021,9686,20424,0.0,0.0,3053,334,3387,23811,
12/31/1997,,1225,0.0,6295,3818,1918,13256,0.0,4729,10850.0,-6121.0,6767,11496,24752,,1496,1757,6709,9962,1945,8174,10119,20081,0.0,0.0,3723,948,4671,24752,
03/31/1998,,969,0.0,5576,4206,1958,12709,0.0,4805,10937.0,-6132.0,7150,11955,24664,,1659,1898,5861,9418,1918,8292,10210,19628,0.0,0.0,4089,947,5036,24664,
06/30/1998,,1099,0.0,5792,4378,2036,13305,0.0,4957,11210.0,-6253.0,7017,11974,25279,,1727,2423,6046,10196,1899,8262,10161,20357,0.0,0.0,4264,658,4922,25279,
09/30/1998,,1154,0.0,7405,4538,2687,15784,0.0,5693,12331.0,-6638.0,7886,13579,29363,,2157,2231,6497,10885,2409,8360,10769,21654,0.0,0.0,6619,1090,7709,29363,
12/31/1998,,940,,9185,4838,2388,17351,,5645,12531.0,-6886.0,8645,14290,31641,,2468,3763,6210,12441,2404,8359,10763,23204,,,4741,3696,8437,31641,
03/31/1999,,792,,8752,5438,2792,17774,,5751,12686.0,-6935.0,9315,15066,32840,,2410,3185,5967,11562,3716,8511,12227,23789,,,5023,4028,9051,32840,
06/30/1999,,1495,,9486,6517,3312,20810,,6257,13531.0,-7274.0,10089,16346,37156,,2705,3080,6171,11956,3712,9085,12797,24753,,,7369,5034,12403,37156,
09/30/1999,,1686,0.0,8799,5342,3413,19240,0.0,6219,12989.0,-6770.0,9913,16132,35372,,2537,1705,4908,9150,4162,8124,12286,21436,0.0,0.0,8025,5911,13936,35372,
12/31/1999,,2219,0.0,10143,6544,2672,21578,0.0,6986,14679.0,-7693.0,10070,17056,38634,,2162,2672,5083,9917,3832,8806,12638,22555,0.0,0.0,9064,7015,16079,38634,
03/31/2000,,1467,0.0,8782,5100,5191,20540,0.0,5046,9510.0,-4464.0,21926,26972,47512,,2583,3468,4109,10160,3030,8150,11180,21340,0.0,0.0,20424,5748,26172,47512,
06/30/2000,,710,0.0,10101,6694,3076,20581,0.0,6621,13604.0,-6983.0,19138,25759,46340,,2196,1321,4670,8187,3842,8181,12023,20210,0.0,0.0,18834,7296,26130,46340,
09/30/2000,,1467,0.0,8782,6981,3310,20540,0.0,5046,9510.0,-4464.0,21926,26972,47512,,2583,3468,4109,10160,3030,8150,11180,21340,0.0,0.0,20408,5764,26172,47512,
12/31/2000,,3814,0.0,7286,8570,3239,22909,0.0,7138,14433.0,-7295.0,19994,27132,50041,,2628,5030,4815,12473,3099,8721,11820,24293,0.0,0.0,20524,5224,25748,50041,
03/31/2001,,1402,0.0,6136,6119,5162,18819,,5078,9788.0,-4710.0,20230,25308,44127,,2055,2314,7675,12044,3056,6967,10023,22067,0.0,0.0,20633,1427,22060,44127,
06/30/2001,,2285,0.0,4618,6304,3758,16965,0.0,5055,9890.0,-4835.0,17819,22874,39839,,1896,3215,5443,10554,2995,6465,9460,20014,0.0,0.0,21692,-1867,19825,39839,
09/30/2001,,2390,0.0,4594,4673,4446,16103,0.0,4416,9044.0,-4628.0,13145,17561,33664,,1844,1135,7190,10169,3274,7364,10638,20807,1834.0,0.0,21736,-10713,12857,33664,
12/31/2001,,3069,0.0,3204,3514,4584,14371,0.0,3059,,,12769,15828,30199,,1263,77,6392,7732,3262,6740,10002,17734,1838.0,0.0,21717,-11090,12465,30199,
03/31/2002,,4824,0.0,2837,2848,4200,14709,0.0,2821,,,12816,15637,30346,,1483,82,5317,6882,3238,6570,9808,16690,3592.0,0.0,21703,-11639,13656,30346,
06/30/2002,,4556,867.0,2245,2211,1287,11166,0.0,2519,,,7676,10195,21361,,1245,173,5298,6716,3237,8641,11878,18594,1847.0,0.0,20502,-19582,2767,21361,
09/30/2002,,2894,1526.0,1647,1363,1725,9155,0.0,1977,4619.0,-2642.0,6659,8636,17791,,1298,120,4908,6326,3236,11283,14519,20845,1680.0,0.0,20641,-25375,-3054,17791,
12/31/2002,,2408,1330.0,1466,1093,1946,8243,0.0,2036,,,6156,8192,16435,,1114,193,4240,5547,4766,9166,13932,19479,1298.0,0.0,21201,-25543,-3044,16435,
03/31/2003,,2205,1234.0,1542,1186,1574,7741,0.0,1800,,,6182,7982,15723,,1179,271,4072,5522,4322,7637,11959,17481,2112.0,0.0,22019,-25889,-1758,15723,
06/30/2003,,4339,589.0,1620,806,1251,8605,0.0,1705,,,6626,8331,16936,,1221,616,3642,5479,5839,8643,14482,19961,933.0,0.0,22137,-26095,-3025,16936,
09/30/2003,,3821,686.0,1511,632,1213,7863,0.0,1593,4081.0,-2488.0,6455,8048,15911,,1072,389,3473,4934,5591,8757,14348,19282,868.0,0.0,22294,-26533,-3371,15911,
12/31/2003,,3431,846.0,1592,690,847,7406,0.0,1534,,,6479,8013,15419,,977,917,3436,5330,5573,8349,13922,19252,0.0,0.0,22391,-26224,-3833,15419,
03/31/2004,,3329,821.0,1587,789,933,7459,439.0,1479,,,6404,8322,15781,,989,907,3856,5752,5366,8183,13549,19301,0.0,0.0,22653,-26173,-3520,15781,
06/30/2004,,3186,935.0,1526,982,854,7483,574.0,1408,,,6505,8487,15970,,984,91,3936,5011,6071,7952,14023,19034,0.0,0.0,22754,-25818,-3064,15970,
09/30/2004,,3379,858.0,1359,822,1813,8231,636.0,1376,3804.0,-2428.0,6720,8732,16963,,872,1,3593,4466,5989,7887,13876,18342,0.0,0.0,23049,-24428,-1379,16963,
12/31/2004,,2381,1304.0,1423,892,1603,7603,880.0,1339,,,6865,9084,16687,,907,0,2775,3682,5962,7760,13722,17404,0.0,0.0,23444,-24161,-717,16687,
03/31/2005,,1967,798.0,1544,882,1615,6806,1342.0,1302,,,6967,9611,16417,,738,0,2683,3421,4722,8753,13475,16896,0.0,0.0,23477,-23956,-479,16417,
06/30/2005,,1724,373.0,1309,911,1671,5988,2039.0,1284,,,7126,10449,16437,,769,0,2702,3471,4462,8574,13036,16507,0.0,0.0,23526,-23596,-70,16437,
09/30/2005,,2410,357.0,1395,731,690,5583,2163.0,1295,3667.0,-2372.0,7359,10817,16400,,769,368,2683,3820,5066,7139,12205,16025,0.0,0.0,23558,-23183,375,16400,
12/31/2005,,1504,650.0,1430,766,630,4980,2226.0,1256,,,7495,10977,15957,,772,368,2463,3603,5049,7010,12059,15662,0.0,0.0,23601,-23306,295,15957,
03/31/2006,,1377,479.0,1390,763,991,5000,2113.0,1247,,,7669,11029,16029,,621,368,2563,3552,5047,6875,11922,15474,0.0,0.0,23660,-23105,555,16029,
06/30/2006,,1368,588.0,1552,773,1001,5282,1741.0,1229,,,8028,10998,16280,,702,368,2738,3808,5047,6742,11789,15597,0.0,0.0,23690,-23007,683,16280,
09/30/2006,,1337,630.0,1630,731,1066,5394,1476.0,1228,3462.0,-2234.0,7257,9961,15355,,689,486,2310,3485,4564,6649,11213,14698,0.0,0.0,23715,-23058,657,15355,
